01001 972 
01003 3056 
01005 550 
01007 355 
01009 685 
01011 430 
01013 739 
01015 1409 
01017 806 
01019 219 
01021 660 
01023 271 
01025 473 
01027 194 
01029 111 
01031 689 
01033 1041 
01035 358 
01037 89 
01039 680 
01041 276 
01043 1075 
01045 749 
01047 1259 
01049 1628 
01051 1544 
01053 943 
01055 1857 
01057 163 
01059 1162 
01061 210 
01063 239 
01065 446 
01067 233 
01069 1242 
01071 749 
01073 11194 
01075 191 
01077 1014 
01079 295 
01081 2430 
01083 1146 
01085 546 
01087 300 
01089 4720 
01091 504 
01093 523 
01095 2823 
01097 8084 
01099 384 
01101 6047 
01103 2129 
01105 417 
01107 355 
01109 640 
01111 384 
01113 1161 
01117 2911 
01115 1151 
01119 360 
01121 847 
01123 798 
01125 3805 
01127 1441 
01129 301 
01131 397 
01133 418 
04001 2994 
04003 1503 
04005 2947 
04007 809 
04009 451 
04011 55 
04012 469 
04013 117293 
04015 2918 
04017 5202 
04019 16167 
04021 7990 
04023 2599 
04025 1733 
04027 10880 
05001 189 
05003 230 
05005 62 
05007 4458 
05009 157 
05011 138 
05013 12 
05015 331 
05017 506 
05019 152 
05021 102 
05023 178 
05025 63 
05027 184 
05029 134 
05031 1088 
05033 514 
05035 1172 
05037 157 
05039 56 
05041 142 
05043 155 
05045 1175 
05047 104 
05049 27 
05051 814 
05053 124 
05055 293 
05057 200 
05059 1436 
05061 291 
05063 331 
05065 43 
05067 57 
05069 1293 
05071 612 
05073 48 
05075 179 
05077 882 
05079 1165 
05081 149 
05083 139 
05085 405 
05087 253 
05089 23 
05091 451 
05093 677 
05095 49 
05097 25 
05099 129 
05101 91 
05103 75 
05105 49 
05107 270 
05109 77 
05111 151 
05113 125 
05115 1161 
05117 59 
05119 4733 
05121 164 
05125 855 
05127 41 
05129 25 
05131 1689 
05133 929 
05135 99 
05123 1112 
05137 52 
05139 428 
05141 50 
05143 5896 
05145 250 
05147 18 
05149 1004 
06001 11139 
06003 2 
06005 115 
06007 941 
06009 125 
06011 323 
06013 7670 
06015 88 
06017 637 
06019 14439 
06021 325 
06023 233 
06025 9366 
06027 50 
06029 19335 
06031 4146 
06033 195 
06035 631 
06037 188541 
06039 1943 
06041 4987 
06043 53 
06045 312 
06047 4065 
06049 2 
06051 142 
06053 4542 
06055 888 
06057 299 
06059 36196 
06061 1876 
06063 33 
06065 37011 
06067 9820 
06069 622 
06071 32230 
06073 29048 
06075 6575 
06077 11483 
06079 1783 
06081 5469 
06083 6167 
06085 9913 
06087 1109 
06089 369 
06091 2 
06093 72 
06095 3611 
06097 2842 
06099 8890 
06101 755 
06103 227 
06105 5 
06107 9454 
06109 141 
06111 7344 
06113 1510 
06115 465 
08001 5957 
08003 224 
08005 6877 
08007 32 
08009 14 
08011 5 
08013 1872 
08014 398 
08015 286 
08017 8 
08019 26 
08021 23 
08023 22 
08025 72 
08027 10 
08029 104 
08031 9623 
08033 1 
08035 1616 
08037 1026 
08041 4473 
08039 85 
08043 102 
08045 691 
08047 13 
08049 42 
08051 246 
08053 3 
08055 6 
08057 8 
08059 3874 
08061 0 
08063 42 
08067 197 
08065 70 
08069 1359 
08071 15 
08073 6 
08075 647 
08077 255 
08079 18 
08081 24 
08083 107 
08085 274 
08087 674 
08089 52 
08091 12 
08093 42 
08095 19 
08097 166 
08099 47 
08101 597 
08103 6 
08105 87 
08107 99 
08109 107 
08111 2 
08113 73 
08115 11 
08117 322 
08119 110 
08121 47 
08123 3503 
08125 62 
09001 17793 
09003 12645 
09005 1597 
09007 1377 
09009 13041 
09011 1402 
09013 1019 
09015 693 
10001 2167 
10003 6794 
10005 5608 
11001 12057 
12001 3526 
12003 356 
12005 3475 
12007 325 
12009 5420 
12011 55411 
12013 281 
12015 1946 
12017 1205 
12019 2808 
12021 9581 
12023 2476 
12027 1264 
12029 252 
12031 21038 
12033 7738 
12035 901 
12037 108 
12039 1347 
12041 309 
12043 389 
12045 336 
12047 570 
12049 833 
12051 1632 
12053 1674 
12055 1163 
12057 29116 
12059 422 
12061 2204 
12063 1566 
12065 229 
12067 102 
12069 4516 
12071 15416 
12073 4171 
12075 575 
12077 370 
12079 604 
12081 8517 
12083 4892 
12085 3591 
12086 118462 
12087 1300 
12089 1054 
12091 2765 
12093 893 
12095 29011 
12097 8470 
12099 33274 
12101 6299 
12103 16356 
12105 12488 
12107 1301 
12109 3216 
12111 5002 
12113 3336 
12115 5588 
12117 6487 
12119 1077 
12121 1131 
12123 330 
12125 215 
12127 6834 
12129 572 
12131 1205 
12133 495 
13001 555 
13003 283 
13005 404 
13007 55 
13009 917 
13011 235 
13013 1061 
13015 1545 
13017 335 
13019 256 
13021 3052 
13023 127 
13025 219 
13027 364 
13029 530 
13031 1055 
13033 390 
13035 460 
13037 189 
13039 607 
13043 211 
13045 1687 
13047 527 
13049 348 
13051 4808 
13053 594 
13055 175 
13057 2743 
13059 1665 
13061 72 
13063 4413 
13065 169 
13067 11206 
13069 1299 
13071 1454 
13073 1793 
13075 394 
13077 1296 
13079 88 
13081 358 
13083 107 
13085 290 
13087 604 
13089 12127 
13091 186 
13093 239 
13095 2571 
13097 2245 
13099 342 
13101 220 
13103 614 
13105 318 
13107 391 
13109 202 
13111 266 
13113 918 
13115 1206 
13117 1858 
13119 350 
13121 17646 
13123 484 
13125 21 
13127 2250 
13129 985 
13131 394 
13133 236 
13135 17130 
13137 1011 
13139 5372 
13141 280 
13143 189 
13145 607 
13147 255 
13149 128 
13151 2895 
13153 1714 
13155 152 
13157 912 
13159 121 
13161 349 
13163 417 
13165 225 
13167 215 
13169 253 
13171 219 
13173 212 
13175 706 
13177 501 
13179 575 
13181 124 
13183 114 
13185 2894 
13187 291 
13189 280 
13191 145 
13193 171 
13195 321 
13197 136 
13199 347 
13201 125 
13205 604 
13207 408 
13209 124 
13211 191 
13213 520 
13215 4201 
13217 1533 
13219 378 
13221 181 
13223 1370 
13225 308 
13227 274 
13229 373 
13231 186 
13233 637 
13235 81 
13237 364 
13239 29 
13241 186 
13243 257 
13245 3482 
13247 1122 
13249 49 
13251 167 
13253 135 
13255 837 
13257 542 
13259 245 
13261 717 
13263 122 
13265 12 
13267 394 
13269 69 
13271 251 
13273 289 
13275 943 
13277 1220 
13279 592 
13281 107 
13283 89 
13285 2158 
13287 222 
13289 93 
13291 197 
13293 471 
13295 539 
13297 900 
13299 1055 
13301 53 
13303 400 
13305 559 
13307 36 
13309 84 
13311 292 
13313 3061 
13315 161 
13317 176 
13319 172 
13321 418 
16001 7828 
16003 18 
16005 301 
16007 6 
16009 50 
16011 176 
16013 568 
16015 38 
16017 145 
16019 685 
16021 33 
16023 0 
16025 1 
16027 4706 
16029 23 
16031 461 
16033 1 
16035 15 
16037 7 
16039 197 
16041 47 
16043 45 
16045 150 
16047 131 
16049 29 
16051 131 
16053 414 
16055 1538 
16057 78 
16059 12 
16061 1 
16063 50 
16065 131 
16067 419 
16069 130 
16071 8 
16073 227 
16075 323 
16077 41 
16079 67 
16081 57 
16083 1199 
16085 46 
16087 183 
17001 393 
17003 35 
17005 48 
17007 722 
17009 13 
17011 123 
17013 6 
17015 43 
17017 192 
17019 1486 
17021 101 
17023 66 
17025 12 
17027 330 
17029 367 
17031 105493 
17033 29 
17035 46 
17037 808 
17039 27 
17041 103 
17043 11267 
17045 25 
17047 12 
17049 83 
17051 53 
17053 38 
17055 116 
17057 24 
17059 42 
17061 17 
17063 269 
17065 19 
17067 28 
17069 16 
17071 9 
17073 194 
17075 240 
17077 616 
17079 50 
17081 176 
17083 62 
17085 110 
17087 53 
17089 9069 
17091 1659 
17093 1262 
17095 241 
17097 11855 
17099 480 
17101 40 
17103 136 
17105 85 
17107 79 
17109 123 
17111 2866 
17113 536 
17115 434 
17117 127 
17119 2099 
17121 130 
17123 18 
17125 42 
17127 33 
17129 44 
17131 65 
17133 261 
17135 138 
17137 184 
17139 52 
17141 368 
17143 1252 
17145 101 
17147 37 
17149 13 
17151 7 
17153 90 
17155 7 
17157 417 
17159 12 
17161 1549 
17163 3507 
17165 102 
17167 953 
17169 15 
17171 9 
17173 53 
17175 7 
17177 313 
17179 335 
17181 276 
17183 189 
17185 29 
17187 179 
17189 56 
17191 40 
17193 56 
17195 304 
17197 8443 
17199 301 
17201 3641 
17203 87 
18001 74 
18003 3509 
18005 723 
18007 59 
18009 51 
18011 613 
18013 68 
18015 128 
18017 1740 
18019 1023 
18021 94 
18023 341 
18025 40 
18027 235 
18029 447 
18031 306 
18033 212 
18035 614 
18037 605 
18039 4521 
18041 149 
18043 658 
18045 61 
18047 191 
18049 134 
18051 194 
18053 493 
18055 233 
18057 2410 
18059 597 
18061 269 
18063 1711 
18065 356 
18067 786 
18069 119 
18071 543 
18073 197 
18075 80 
18077 145 
18079 206 
18081 1616 
18083 125 
18085 796 
18087 536 
18089 6935 
18091 800 
18093 317 
18095 812 
18097 14432 
18099 732 
18101 42 
18103 247 
18105 661 
18107 334 
18109 410 
18111 108 
18113 617 
18115 43 
18117 158 
18119 73 
18121 45 
18123 170 
18125 37 
18127 1130 
18129 155 
18131 71 
18133 217 
18135 101 
18137 185 
18139 79 
18141 3015 
18143 243 
18145 500 
18147 110 
18149 156 
18151 193 
18153 69 
18155 40 
18157 1053 
18159 96 
18161 28 
18163 1621 
18165 30 
18167 424 
18169 151 
18171 19 
18173 471 
18175 104 
18177 304 
18179 124 
18181 341 
18183 143 
19001 20 
19003 15 
19005 148 
19007 40 
19009 28 
19011 130 
19013 2970 
19015 226 
19017 181 
19019 105 
19021 1782 
19023 111 
19025 81 
19027 175 
19029 42 
19031 117 
19033 572 
19035 97 
19037 48 
19039 174 
19041 168 
19043 94 
19045 288 
19047 707 
19049 1739 
19051 49 
19053 21 
19055 85 
19057 144 
19059 371 
19061 1484 
19063 178 
19065 77 
19067 109 
19069 209 
19071 32 
19073 38 
19075 72 
19077 124 
19079 237 
19081 114 
19083 161 
19085 90 
19087 109 
19089 47 
19091 87 
19093 29 
19095 87 
19097 132 
19099 450 
19101 75 
19103 1881 
19105 122 
19107 28 
19109 76 
19111 89 
19113 2005 
19115 378 
19117 42 
19119 99 
19121 93 
19123 133 
19125 147 
19127 1373 
19129 76 
19131 76 
19133 89 
19135 66 
19137 42 
19139 807 
19141 116 
19143 77 
19145 69 
19147 74 
19149 435 
19151 113 
19153 9479 
19155 1153 
19157 137 
19159 21 
19161 79 
19163 1557 
19165 155 
19167 588 
19169 1088 
19171 534 
19173 93 
19175 66 
19177 29 
19179 827 
19181 503 
19183 284 
19185 15 
19187 699 
19189 71 
19191 77 
19193 3620 
19195 59 
19197 439 
20001 14 
20003 27 
20005 61 
20007 4 
20009 109 
20011 65 
20013 32 
20015 200 
20017 6 
20019 5 
20021 73 
20023 2 
20025 43 
20027 17 
20029 29 
20031 65 
20033 3 
20035 151 
20037 368 
20039 5 
20041 40 
20043 44 
20045 650 
20047 10 
20049 1 
20051 128 
20053 18 
20055 1737 
20057 2026 
20059 149 
20061 128 
20063 3 
20065 16 
20067 92 
20069 71 
20071 3 
20073 15 
20075 37 
20077 8 
20079 157 
20081 44 
20083 11 
20085 144 
20087 59 
20089 9 
20091 4883 
20093 57 
20095 9 
20097 6 
20099 107 
20101 5 
20103 1392 
20105 6 
20107 30 
20109 2 
20111 644 
20113 129 
20115 48 
20117 9 
20119 39 
20121 117 
20123 27 
20125 152 
20127 9 
20129 9 
20131 47 
20133 50 
20135 5 
20137 22 
20139 38 
20141 4 
20143 30 
20145 7 
20147 47 
20149 102 
20151 33 
20153 0 
20155 214 
20157 27 
20159 27 
20161 449 
20163 15 
20165 5 
20167 10 
20169 340 
20171 28 
20173 4072 
20175 1188 
20177 1389 
20179 7 
20181 14 
20183 3 
20185 3 
20187 16 
20189 43 
20191 97 
20193 32 
20195 5 
20197 39 
20199 0 
20201 2 
20203 3 
20205 8 
20207 11 
20209 4373 
21001 201 
21003 216 
21005 72 
21007 30 
21009 315 
21011 32 
21013 267 
21015 984 
21017 68 
21019 165 
21021 129 
21023 29 
21025 24 
21027 49 
21029 300 
21031 291 
21033 45 
21035 175 
21037 494 
21039 22 
21041 140 
21043 94 
21045 148 
21047 470 
21049 148 
21051 142 
21053 23 
21055 26 
21057 33 
21059 689 
21061 89 
21063 7 
21065 12 
21067 2654 
21069 53 
21071 80 
21073 245 
21075 49 
21077 77 
21079 67 
21081 93 
21083 494 
21085 175 
21087 29 
21089 88 
21091 43 
21093 511 
21095 193 
21097 113 
21099 76 
21101 314 
21103 88 
21105 33 
21107 396 
21109 140 
21111 6888 
21113 264 
21115 32 
21117 1269 
21119 38 
21121 194 
21123 46 
21125 367 
21127 32 
21129 3 
21131 25 
21133 46 
21135 33 
21137 96 
21139 32 
21141 297 
21143 29 
21145 325 
21147 33 
21149 38 
21151 370 
21153 18 
21155 101 
21157 120 
21159 29 
21161 52 
21163 81 
21165 29 
21167 70 
21169 46 
21171 87 
21173 110 
21175 28 
21177 609 
21179 186 
21181 20 
21183 339 
21185 542 
21187 42 
21189 9 
21191 34 
21193 177 
21195 212 
21197 42 
21199 236 
21201 3 
21203 60 
21205 67 
21207 95 
21209 311 
21211 699 
21213 136 
21215 94 
21217 100 
21219 31 
21221 48 
21223 32 
21225 53 
21227 2372 
21229 55 
21231 50 
21233 79 
21235 114 
21237 9 
21239 127 
22001 2331 
22003 1036 
22005 2458 
22007 537 
22009 907 
22011 743 
22013 348 
22015 2054 
22017 6144 
22019 6278 
22021 190 
22023 164 
22025 249 
22027 216 
22029 261 
22031 633 
22033 10690 
22035 493 
22037 490 
22039 699 
22041 785 
22043 270 
22045 2160 
22047 1100 
22049 349 
22051 14155 
22053 944 
22055 6155 
22057 2516 
22059 219 
22061 695 
22063 2561 
22065 551 
22067 428 
22069 662 
22071 10255 
22073 4372 
22075 420 
22077 706 
22079 2945 
22081 179 
22083 513 
22085 518 
22087 1001 
22089 1340 
22091 238 
22093 624 
22095 1334 
22097 2082 
22099 1468 
22101 1381 
22103 4621 
22105 3037 
22107 56 
22109 2693 
22111 596 
22113 1224 
22115 663 
22117 1166 
22119 811 
22121 613 
22123 247 
22125 322 
22127 374 
23001 548 
23003 32 
23005 2039 
23007 45 
23009 27 
23011 164 
23013 26 
23015 33 
23017 54 
23019 145 
23021 3 
23023 46 
23025 34 
23027 62 
23029 7 
23031 645 
24001 266 
24003 6770 
24005 11818 
24009 588 
24011 423 
24013 1449 
24015 622 
24017 1832 
24019 340 
24021 2986 
24023 45 
24025 1750 
24027 3530 
24029 232 
24031 17568 
24033 22416 
24035 383 
24037 896 
24039 119 
24041 340 
24043 952 
24045 1279 
24047 550 
24510 11192 
25001 1745 
25003 653 
25005 9073 
25007 0 
25009 17232 
25011 402 
25013 7404 
25015 1126 
25017 25706 
25019 0 
25021 10236 
25023 9086 
25025 21222 
25027 13322 
26001 28 
26003 8 
26005 495 
26007 125 
26009 36 
26011 40 
26013 5 
26015 170 
26017 539 
26019 27 
26021 1269 
26023 319 
26025 728 
26027 284 
26029 42 
26031 37 
26033 29 
26035 58 
26037 404 
26039 93 
26041 72 
26043 44 
26045 447 
26047 58 
26049 3463 
26051 51 
26053 83 
26055 191 
26057 143 
26059 246 
26061 47 
26063 146 
26065 1459 
26067 265 
26069 129 
26071 17 
26073 199 
26075 671 
26077 1522 
26079 48 
26081 7053 
26083 3 
26085 16 
26087 404 
26089 64 
26091 388 
26093 760 
26095 3 
26097 20 
26099 9448 
26101 31 
26103 127 
26105 95 
26107 55 
26109 86 
26111 292 
26113 40 
26115 867 
26117 174 
26119 8 
26121 1125 
26123 247 
26125 14614 
26127 461 
26129 50 
26131 4 
26133 66 
26135 24 
26137 131 
26139 1672 
26141 15 
26143 47 
26145 1822 
26147 754 
26149 549 
26151 92 
26153 8 
26155 321 
26157 300 
26159 394 
26161 2374 
26163 27067 
26165 63 
27001 27 
27003 3245 
27005 134 
27007 184 
27009 299 
27011 22 
27013 824 
27015 79 
27017 121 
27019 744 
27021 54 
27023 93 
27025 167 
27027 740 
27029 14 
27031 2 
27033 167 
27035 192 
27037 3797 
27039 122 
27041 124 
27043 80 
27045 59 
27047 353 
27049 169 
27051 44 
27053 17316 
27055 37 
27057 27 
27059 102 
27061 125 
27063 68 
27065 23 
27067 662 
27069 3 
27071 68 
27073 6 
27075 15 
27077 1 
27079 196 
27081 53 
27083 414 
27085 125 
27087 22 
27089 27 
27091 202 
27093 83 
27095 54 
27097 81 
27099 1064 
27101 120 
27103 298 
27105 1738 
27107 34 
27109 1588 
27111 164 
27113 70 
27115 124 
27117 142 
27119 125 
27121 38 
27123 6686 
27125 16 
27127 30 
27129 56 
27131 975 
27133 72 
27135 42 
27137 383 
27139 1296 
27141 615 
27143 76 
27145 2791 
27147 321 
27149 15 
27151 51 
27153 413 
27155 10 
27157 78 
27159 23 
27161 128 
27163 1817 
27165 299 
27167 26 
27169 240 
27171 770 
27173 47 
28001 565 
28003 335 
28005 193 
28007 486 
28009 118 
28011 917 
28013 366 
28015 240 
28017 420 
28019 124 
28021 398 
28023 297 
28025 363 
28027 632 
28029 897 
28031 575 
28033 3113 
28035 1564 
28037 111 
28039 525 
28041 223 
28043 796 
28045 323 
28047 2048 
28049 5091 
28051 825 
28053 262 
28055 20 
28057 297 
28059 1837 
28061 368 
28063 188 
28065 191 
28067 1705 
28069 223 
28071 837 
28073 1080 
28075 1316 
28077 300 
28079 755 
28081 1162 
28083 814 
28085 730 
28087 941 
28089 2250 
28091 581 
28093 536 
28095 675 
28097 276 
28099 1186 
28101 514 
28103 411 
28105 1039 
28107 877 
28109 471 
28111 209 
28113 808 
28115 699 
28117 318 
28119 211 
28121 2091 
28123 947 
28125 139 
28127 696 
28129 367 
28131 144 
28133 893 
28135 399 
28137 621 
28139 285 
28141 299 
28143 228 
28145 503 
28147 425 
28149 946 
28151 1419 
28153 729 
28155 181 
28157 178 
28159 560 
28161 308 
28163 757 
29001 132 
29003 81 
29005 11 
29007 192 
29009 218 
29011 65 
29013 36 
29015 71 
29017 56 
29019 1152 
29021 1054 
29023 236 
29025 30 
29027 118 
29029 285 
29031 594 
29033 95 
29035 18 
29037 621 
29039 34 
29041 14 
29043 265 
29045 11 
29047 882 
29049 61 
29051 288 
29053 86 
29055 47 
29057 14 
29059 47 
29061 17 
29063 32 
29065 9 
29067 68 
29069 239 
29071 509 
29073 19 
29075 79 
29077 1182 
29079 24 
29081 59 
29083 69 
29085 16 
29087 6 
29089 43 
29091 127 
29093 12 
29095 3320 
29097 1626 
29099 1295 
29101 454 
29103 9 
29105 188 
29107 150 
29109 182 
29111 27 
29113 288 
29115 30 
29117 51 
29119 925 
29121 52 
29123 17 
29125 11 
29127 139 
29129 8 
29131 89 
29133 129 
29135 111 
29137 14 
29139 33 
29141 62 
29143 171 
29145 794 
29147 147 
29149 13 
29151 36 
29153 6 
29155 199 
29157 201 
29159 405 
29161 72 
29163 68 
29165 301 
29167 187 
29169 178 
29171 8 
29173 20 
29175 52 
29177 87 
29179 17 
29181 41 
29183 3432 
29185 17 
29186 46 
29187 285 
29189 12880 
29195 407 
29197 9 
29199 12 
29201 342 
29203 43 
29205 14 
29207 208 
29209 80 
29211 134 
29213 391 
29215 32 
29217 44 
29219 153 
29221 55 
29223 31 
29225 111 
29227 8 
29229 56 
29510 4491 
30001 45 
30003 312 
30005 7 
30007 10 
30009 57 
30011 0 
30013 136 
30015 6 
30017 52 
30019 2 
30021 14 
30023 20 
30025 2 
30027 6 
30029 237 
30031 849 
30033 12 
30035 53 
30037 3 
30039 6 
30041 40 
30043 22 
30045 3 
30047 165 
30049 122 
30051 1 
30053 68 
30055 1 
30057 73 
30059 4 
30061 0 
30063 247 
30065 2 
30067 47 
30069 0 
30071 0 
30073 9 
30075 1 
30077 2 
30079 0 
30081 65 
30083 45 
30085 17 
30087 22 
30089 9 
30091 3 
30093 61 
30095 18 
30097 4 
30099 15 
30101 31 
30103 2 
30105 11 
30107 3 
30109 1 
30111 1022 
31001 339 
31003 18 
31005 0 
31007 2 
31009 0 
31011 7 
31013 10 
31015 1 
31017 0 
31019 329 
31021 19 
31023 56 
31025 154 
31027 21 
31029 6 
31031 4 
31033 26 
31035 47 
31037 692 
31039 57 
31041 43 
31043 1901 
31045 8 
31047 942 
31049 1 
31051 56 
31053 755 
31055 10241 
31057 1 
31059 22 
31061 9 
31063 3 
31065 15 
31067 81 
31069 4 
31071 3 
31073 15 
31075 0 
31077 8 
31079 1708 
31081 96 
31083 1 
31085 0 
31087 1 
31089 7 
31091 4 
31093 55 
31095 14 
31097 11 
31099 28 
31101 18 
31103 0 
31105 15 
31107 30 
31109 3028 
31111 95 
31113 0 
31115 0 
31117 4 
31119 414 
31121 47 
31123 58 
31125 8 
31127 19 
31129 5 
31131 42 
31133 7 
31135 15 
31137 34 
31139 17 
31141 766 
31143 24 
31145 15 
31147 20 
31149 2 
31151 581 
31153 1978 
31155 128 
31157 284 
31159 94 
31161 9 
31163 7 
31165 5 
31167 26 
31169 25 
31171 1 
31173 200 
31175 10 
31177 101 
31179 35 
31181 9 
31183 0 
31185 69 
32001 44 
32003 41245 
32005 162 
32007 461 
32009 0 
32011 2 
32013 96 
32015 49 
32017 3 
32019 194 
32021 11 
32023 342 
32027 13 
32029 4 
32031 5144 
32033 13 
32510 305 
33001 104 
33003 86 
33005 85 
33007 16 
33009 103 
33011 3743 
33013 457 
33015 1624 
33017 325 
33019 39 
34001 3364 
34003 20472 
34005 5781 
34007 8301 
34009 806 
34011 3215 
34013 19488 
34015 3059 
34017 19478 
34019 1130 
34021 8020 
34023 17673 
34025 10057 
34027 7136 
34029 10414 
34031 17429 
34033 865 
34035 5177 
34037 1295 
34039 16523 
34041 1329 
35001 4735 
35003 4 
35005 334 
35006 331 
35007 13 
35009 453 
35011 0 
35013 2171 
35015 242 
35017 66 
35019 31 
35021 1 
35023 85 
35025 605 
35027 97 
35028 20 
35029 223 
35031 3988 
35033 6 
35035 182 
35037 31 
35039 293 
35041 139 
35043 1070 
35045 2994 
35047 41 
35049 561 
35051 28 
35053 73 
35055 94 
35057 59 
35059 25 
35061 354 
36001 2503 
36003 74 
36005 49614 
36007 1037 
36009 158 
36011 143 
36013 228 
36015 163 
36017 207 
36019 126 
36021 516 
36023 91 
36025 102 
36027 4490 
36029 8492 
36031 55 
36033 50 
36035 275 
36037 270 
36039 289 
36041 7 
36043 239 
36045 129 
36047 61631 
36049 34 
36051 165 
36053 398 
36055 4710 
36057 154 
36059 43203 
36061 28577 
36063 1440 
36065 2070 
36067 3464 
36069 349 
36071 11082 
36073 293 
36075 241 
36077 112 
36079 1421 
36081 67294 
36083 724 
36085 14568 
36087 13864 
36089 260 
36091 715 
36093 1023 
36095 68 
36097 21 
36099 84 
36101 290 
36103 43224 
36105 1480 
36107 187 
36109 228 
36111 2021 
36113 300 
36115 254 
36117 245 
36119 35933 
36121 112 
36123 53 
37001 2148 
37003 295 
37005 67 
37007 301 
37009 114 
37011 82 
37013 335 
37015 232 
37017 563 
37019 1165 
37021 1605 
37023 1537 
37025 2342 
37027 1085 
37029 56 
37031 284 
37033 183 
37035 1859 
37037 1208 
37039 231 
37041 120 
37043 65 
37045 964 
37047 807 
37049 621 
37051 2636 
37053 70 
37055 189 
37057 1620 
37059 349 
37061 1913 
37063 5761 
37065 564 
37067 4833 
37069 762 
37071 2939 
37073 41 
37075 23 
37077 1144 
37079 297 
37081 5093 
37083 610 
37085 1094 
37087 276 
37089 1344 
37091 273 
37093 659 
37095 37 
37097 1661 
37099 389 
37101 2929 
37103 58 
37105 1141 
37107 522 
37109 721 
37111 573 
37113 445 
37115 38 
37117 236 
37119 20502 
37121 108 
37123 569 
37125 872 
37127 994 
37129 2285 
37131 307 
37133 890 
37135 1266 
37137 54 
37139 346 
37141 610 
37143 64 
37145 189 
37147 1699 
37149 132 
37151 2026 
37153 475 
37155 2563 
37157 450 
37159 1957 
37161 628 
37163 1411 
37165 263 
37167 866 
37169 248 
37171 845 
37173 103 
37175 121 
37177 91 
37179 2720 
37181 721 
37183 10859 
37185 238 
37187 114 
37189 251 
37191 2285 
37193 723 
37195 1370 
37197 480 
37199 94 
38001 2 
38003 31 
38005 86 
38007 2 
38009 11 
38011 6 
38013 17 
38015 915 
38017 2897 
38019 31 
38021 11 
38023 1 
38025 28 
38027 13 
38029 15 
38031 12 
38033 4 
38035 619 
38037 4 
38039 25 
38041 6 
38043 11 
38045 14 
38047 4 
38049 14 
38051 18 
38053 73 
38055 35 
38057 23 
38059 262 
38061 108 
38063 13 
38065 6 
38067 27 
38069 11 
38071 37 
38073 26 
38075 9 
38077 87 
38079 29 
38081 8 
38083 5 
38085 57 
38087 3 
38089 182 
38091 10 
38093 105 
38095 6 
38097 41 
38099 96 
38101 174 
38103 15 
38105 224 
39001 53 
39003 628 
39005 126 
39007 534 
39009 339 
39011 200 
39013 589 
39015 107 
39017 2619 
39019 107 
39021 102 
39023 1058 
39025 802 
39027 144 
39029 1565 
39031 185 
39033 163 
39035 12399 
39037 312 
39039 127 
39041 1168 
39043 499 
39045 1216 
39047 88 
39049 16842 
39051 137 
39053 49 
39055 519 
39057 610 
39059 107 
39061 8977 
39063 303 
39065 149 
39067 19 
39069 101 
39071 118 
39073 106 
39075 318 
39077 369 
39079 64 
39081 196 
39083 154 
39085 1008 
39087 206 
39089 1081 
39091 114 
39093 1584 
39095 4658 
39097 313 
39099 2371 
39101 2860 
39103 812 
39105 23 
39107 498 
39109 747 
39111 89 
39113 3926 
39115 17 
39117 157 
39119 172 
39121 16 
39123 341 
39125 58 
39127 100 
39129 2345 
39131 61 
39133 704 
39135 154 
39137 188 
39139 525 
39141 374 
39143 315 
39145 179 
39147 140 
39149 148 
39151 1643 
39153 3188 
39155 1393 
39157 736 
39159 209 
39161 65 
39163 29 
39165 1551 
39167 192 
39169 485 
39171 117 
39173 880 
39175 119 
40001 283 
40003 4 
40005 60 
40007 36 
40009 42 
40011 45 
40013 374 
40015 348 
40017 1009 
40019 289 
40021 301 
40023 160 
40025 1 
40027 2555 
40029 28 
40031 756 
40033 17 
40035 69 
40037 473 
40039 185 
40041 390 
40043 7 
40045 3 
40047 330 
40049 197 
40051 397 
40053 11 
40055 80 
40057 22 
40059 5 
40061 35 
40063 100 
40065 468 
40067 29 
40069 39 
40071 207 
40073 101 
40075 24 
40077 64 
40079 218 
40081 118 
40083 170 
40085 64 
40087 383 
40089 815 
40091 143 
40093 26 
40095 93 
40097 271 
40099 59 
40101 416 
40103 77 
40105 51 
40107 53 
40109 8910 
40111 370 
40113 351 
40115 327 
40117 116 
40119 651 
40121 171 
40123 164 
40125 359 
40127 89 
40129 8 
40131 756 
40133 187 
40135 220 
40137 168 
40139 1031 
40141 53 
40143 8710 
40145 686 
40147 557 
40149 24 
40151 15 
40153 32 
41001 28 
41003 151 
41005 1361 
41007 73 
41009 73 
41011 84 
41013 42 
41015 14 
41017 517 
41019 125 
41021 4 
41023 2 
41025 8 
41027 165 
41029 352 
41031 299 
41033 98 
41035 194 
41037 32 
41039 501 
41041 391 
41043 238 
41045 646 
41047 2575 
41049 289 
41051 4335 
41053 282 
41055 9 
41057 24 
41059 1943 
41061 388 
41063 19 
41065 154 
41067 2740 
41069 0 
41071 336 
42001 462 
42003 8094 
42005 179 
42007 1212 
42009 128 
42011 5152 
42013 204 
42015 80 
42017 6902 
42019 597 
42021 250 
42023 5 
42025 356 
42027 357 
42029 4885 
42031 75 
42033 131 
42035 113 
42037 457 
42039 124 
42041 1203 
42043 2640 
42045 8669 
42047 43 
42049 923 
42051 387 
42053 9 
42055 1268 
42057 22 
42059 107 
42061 287 
42063 256 
42065 57 
42067 125 
42069 1894 
42071 5525 
42073 338 
42075 1563 
42077 4810 
42079 3252 
42081 325 
42083 28 
42085 331 
42087 100 
42089 1580 
42091 9761 
42093 93 
42095 3827 
42097 401 
42099 113 
42101 30354 
42103 524 
42105 20 
42107 880 
42109 93 
42111 120 
42113 10 
42115 209 
42117 35 
42119 132 
42121 62 
42123 15 
42125 740 
42127 158 
42129 1409 
42131 57 
42133 2269 
44001 304 
44003 1421 
44005 380 
44007 14549 
44009 590 
45001 282 
45003 1491 
45005 173 
45007 1939 
45009 423 
45011 320 
45013 3503 
45015 3760 
45017 295 
45019 11345 
45021 528 
45023 532 
45025 670 
45027 749 
45029 739 
45031 1023 
45033 541 
45035 2702 
45037 273 
45039 525 
45041 2853 
45043 1237 
45045 10034 
45047 1197 
45049 320 
45051 7975 
45053 483 
45055 1260 
45057 1018 
45059 1189 
45061 487 
45063 4531 
45065 99 
45067 511 
45069 423 
45071 745 
45073 716 
45075 2120 
45077 1683 
45079 7780 
45081 398 
45083 3656 
45085 2227 
45087 324 
45089 860 
45091 3077 
46003 37 
46005 586 
46007 5 
46009 13 
46011 113 
46013 397 
46015 40 
46017 106 
46019 10 
46021 2 
46023 99 
46025 16 
46027 113 
46029 117 
46031 26 
46033 18 
46035 86 
46037 21 
46039 9 
46041 58 
46043 16 
46045 13 
46047 14 
46049 26 
46051 18 
46053 7 
46055 1 
46057 14 
46059 7 
46061 20 
46063 0 
46065 83 
46067 26 
46069 3 
46071 8 
46073 39 
46075 2 
46077 12 
46079 78 
46081 26 
46083 542 
46085 87 
46087 24 
46089 6 
46091 8 
46093 71 
46095 24 
46097 14 
46099 4150 
46101 30 
46102 141 
46103 811 
46105 6 
46107 1 
46109 69 
46111 13 
46115 19 
46117 14 
46119 1 
46121 66 
46123 20 
46125 44 
46127 191 
46129 18 
46135 101 
46137 8 
47001 571 
47003 823 
47005 80 
47007 659 
47009 1043 
47011 1651 
47013 190 
47015 110 
47017 191 
47019 390 
47021 516 
47023 181 
47025 206 
47027 58 
47029 369 
47031 370 
47033 216 
47035 365 
47037 18978 
47039 150 
47041 295 
47043 575 
47045 515 
47047 596 
47049 71 
47051 258 
47053 537 
47055 321 
47057 162 
47059 344 
47061 97 
47063 1183 
47065 5483 
47067 71 
47069 760 
47071 386 
47073 291 
47075 363 
47077 420 
47079 177 
47081 208 
47083 54 
47085 99 
47087 105 
47089 474 
47091 116 
47093 3705 
47095 736 
47097 411 
47099 444 
47101 47 
47103 234 
47105 606 
47107 462 
47109 300 
47111 820 
47113 769 
47115 195 
47117 258 
47119 1010 
47121 92 
47123 333 
47125 1646 
47127 42 
47129 70 
47131 377 
47133 125 
47135 69 
47137 21 
47139 140 
47141 1518 
47143 481 
47145 330 
47147 1409 
47149 5899 
47151 91 
47153 93 
47155 1644 
47157 20586 
47159 340 
47161 65 
47163 729 
47165 3106 
47167 1065 
47169 1570 
47171 129 
47173 110 
47175 30 
47177 375 
47179 943 
47181 206 
47183 229 
47185 186 
47187 3132 
47189 2001 
48001 2196 
48003 255 
48005 1606 
48007 153 
48009 17 
48011 5 
48013 405 
48015 212 
48017 156 
48019 83 
48021 1289 
48023 6 
48025 498 
48027 3467 
48029 40803 
48031 96 
48033 0 
48035 121 
48037 693 
48039 6384 
48041 3850 
48043 180 
48045 11 
48047 84 
48049 351 
48051 229 
48053 539 
48055 1064 
48057 453 
48059 40 
48061 10155 
48063 211 
48065 13 
48067 149 
48069 167 
48071 870 
48073 760 
48075 33 
48077 33 
48079 21 
48081 37 
48083 12 
48085 6253 
48087 7 
48089 238 
48091 1662 
48093 230 
48095 24 
48097 197 
48099 603 
48101 14 
48103 72 
48105 153 
48107 52 
48109 15 
48111 178 
48113 49976 
48115 133 
48117 581 
48119 14 
48121 6681 
48123 528 
48125 4 
48127 121 
48129 43 
48131 150 
48133 52 
48135 3287 
48137 24 
48139 2452 
48141 14276 
48143 457 
48145 109 
48147 214 
48149 367 
48151 24 
48153 83 
48155 2 
48157 7082 
48159 83 
48161 138 
48163 458 
48165 119 
48167 8721 
48169 96 
48171 171 
48173 6 
48175 77 
48177 613 
48179 179 
48181 987 
48183 1285 
48185 838 
48187 1593 
48189 1173 
48191 8 
48193 55 
48195 59 
48197 15 
48199 800 
48201 72961 
48203 609 
48205 82 
48207 34 
48209 4297 
48211 41 
48213 570 
48215 17006 
48217 306 
48219 181 
48221 425 
48223 163 
48225 241 
48227 150 
48229 19 
48231 1022 
48233 111 
48235 8 
48237 39 
48239 319 
48241 286 
48243 8 
48245 5431 
48247 52 
48249 584 
48251 1499 
48253 624 
48255 266 
48257 1738 
48259 145 
48261 5 
48263 2 
48265 348 
48267 13 
48269 0 
48271 17 
48273 341 
48275 44 
48277 605 
48279 202 
48281 83 
48283 357 
48285 593 
48287 151 
48289 137 
48291 828 
48293 199 
48295 15 
48297 207 
48299 86 
48301 0 
48303 5433 
48305 63 
48307 38 
48309 4263 
48311 7 
48313 645 
48315 123 
48317 45 
48319 39 
48321 654 
48323 1989 
48325 588 
48327 16 
48329 2179 
48331 302 
48333 15 
48335 49 
48337 54 
48339 6196 
48341 1008 
48343 91 
48345 4 
48347 1010 
48349 763 
48351 83 
48353 129 
48355 12301 
48357 82 
48359 13 
48361 999 
48363 192 
48365 269 
48367 1057 
48369 312 
48371 208 
48373 656 
48375 3481 
48377 41 
48379 45 
48381 1558 
48383 55 
48385 76 
48387 134 
48389 129 
48391 183 
48393 6 
48395 212 
48397 725 
48399 105 
48401 323 
48403 39 
48405 153 
48407 143 
48409 768 
48411 21 
48413 34 
48415 433 
48417 17 
48419 376 
48421 37 
48423 2292 
48425 56 
48427 1792 
48429 29 
48431 1 
48433 4 
48435 58 
48437 75 
48439 27823 
48441 1077 
48443 2 
48445 110 
48447 3 
48449 1289 
48451 2310 
48453 20465 
48455 129 
48457 112 
48459 188 
48461 15 
48463 471 
48465 1396 
48467 328 
48469 3203 
48471 2792 
48473 393 
48475 83 
48477 465 
48479 5878 
48481 610 
48483 31 
48485 902 
48487 49 
48489 580 
48491 5715 
48493 414 
48495 66 
48497 309 
48499 284 
48501 77 
48503 133 
48505 156 
48507 170 
49001 0 
49003 0 
49005 0 
49007 0 
49009 0 
49011 2909 
49013 0 
49015 0 
49017 0 
49019 0 
49021 0 
49023 0 
49025 0 
49027 0 
49029 0 
49031 0 
49033 0 
49035 19036 
49037 613 
49039 0 
49041 0 
49043 687 
49045 527 
49047 0 
49049 7688 
49051 525 
49053 0 
49055 0 
49057 0 
50001 71 
50003 83 
50005 26 
50007 715 
50009 4 
50011 117 
50013 13 
50015 42 
50017 15 
50019 14 
50021 89 
50023 47 
50025 101 
50027 70 
51001 1074 
51003 735 
51005 56 
51007 72 
51009 105 
51011 68 
51013 2897 
51015 249 
51017 4 
51019 286 
51021 7 
51023 185 
51025 197 
51027 71 
51029 593 
51031 144 
51033 183 
51035 307 
51036 49 
51037 50 
51041 3937 
51043 69 
51045 15 
51047 942 
51049 65 
51051 22 
51053 197 
51057 75 
51059 15616 
51061 571 
51063 32 
51065 173 
51067 151 
51069 651 
51071 23 
51073 141 
51075 150 
51077 128 
51079 134 
51081 417 
51083 130 
51085 584 
51087 3541 
51089 477 
51091 3 
51093 325 
51095 538 
51097 35 
51099 122 
51101 77 
51103 29 
51105 91 
51107 4995 
51109 165 
51111 55 
51113 60 
51115 12 
51117 303 
51119 26 
51121 273 
51125 32 
51127 115 
51131 292 
51133 63 
51135 172 
51137 207 
51139 330 
51141 108 
51143 316 
51145 122 
51147 323 
51149 329 
51153 8838 
51155 74 
51157 40 
51159 316 
51161 430 
51163 66 
51165 890 
51167 60 
51169 51 
51171 667 
51173 107 
51175 234 
51177 1305 
51179 1243 
51181 35 
51183 276 
51185 87 
51187 348 
51191 170 
51193 193 
51195 79 
51197 100 
51199 301 
51510 2798 
51520 57 
51530 47 
51540 466 
51550 2450 
51570 178 
51580 12 
51590 300 
51595 163 
51600 79 
51610 60 
51620 119 
51630 348 
51640 331 
51650 1007 
51660 1039 
51670 254 
51678 28 
51680 429 
51683 1604 
51685 497 
51690 159 
51700 1573 
51710 3180 
51720 11 
51730 442 
51735 36 
51740 1462 
51750 27 
51760 2893 
51770 814 
51775 131 
51790 140 
51800 1034 
51810 4055 
51820 166 
51830 107 
51840 391 
53001 374 
53003 24 
53005 3434 
53007 1019 
53009 91 
53011 1411 
53013 13 
53015 426 
53017 726 
53019 12 
53021 3210 
53023 2 
53025 1186 
53027 92 
53029 234 
53031 51 
53033 15025 
53035 598 
53037 326 
53039 100 
53041 166 
53043 10 
53045 145 
53047 689 
53049 33 
53051 36 
53053 4836 
53055 28 
53057 783 
53059 47 
53061 4949 
53063 3613 
53065 82 
53067 603 
53069 5 
53071 395 
53073 894 
53075 84 
53077 9865 
54001 29 
54003 642 
54005 75 
54007 8 
54009 60 
54011 312 
54013 6 
54015 17 
54017 4 
54019 125 
54021 16 
54023 67 
54025 85 
54027 71 
54029 96 
54031 54 
54033 179 
54035 157 
54037 287 
54039 789 
54041 26 
54043 59 
54045 131 
54047 26 
54049 170 
54051 122 
54053 45 
54055 136 
54057 107 
54059 117 
54061 885 
54063 19 
54065 26 
54067 32 
54069 246 
54071 37 
54073 7 
54075 41 
54077 123 
54079 158 
54081 164 
54083 207 
54085 3 
54087 14 
54089 7 
54091 52 
54093 9 
54095 12 
54097 38 
54099 179 
54101 3 
54103 41 
54105 6 
54107 231 
54109 21 
55001 69 
55003 15 
55005 228 
55007 18 
55009 3919 
55011 41 
55013 13 
55015 236 
55017 208 
55019 168 
55021 213 
55023 56 
55025 4086 
55027 655 
55029 84 
55031 113 
55033 102 
55035 474 
55037 7 
55039 529 
55041 58 
55043 318 
55045 123 
55047 52 
55049 62 
55051 71 
55053 46 
55055 544 
55057 119 
55059 2426 
55061 109 
55063 788 
55065 103 
55067 43 
55069 60 
55071 287 
55073 547 
55075 280 
55077 69 
55078 18 
55079 19248 
55081 205 
55083 164 
55085 81 
55087 1061 
55089 528 
55091 40 
55093 164 
55095 111 
55097 337 
55099 19 
55101 3095 
55103 25 
55105 1342 
55107 14 
55109 439 
55111 347 
55113 34 
55115 147 
55117 578 
55119 47 
55121 301 
55123 55 
55125 29 
55127 1179 
55129 21 
55131 805 
55133 3488 
55135 350 
55137 99 
55139 1014 
55141 216 
56001 84 
56003 35 
56005 115 
56007 75 
56009 30 
56011 9 
56013 468 
56015 14 
56017 18 
56019 22 
56021 456 
56023 89 
56025 215 
56027 2 
56029 115 
56031 5 
56033 58 
56035 34 
56037 240 
56039 335 
56041 254 
56043 48 
56045 5 
